                     n                             first                              last
eligible_score                                                                            
55.0             13082  2026-06-15T11:34:10.136698+05:30  2026-07-10T14:59:21.973857+05:30
60.0            161937  2026-06-19T10:00:17.541057+05:30  2026-09-11T14:59:25.061757+05:30

last 55 row: 2026-07-10T14:59:21.973857+05:30  first 60 row: 2026-06-19T10:00:17.541057+05:30
PASSED & score<60 by eligible_score: {55.0: 8705}
PASSED & score<eligible: 0

== CURRENT regime (eligible 60): 161937 rows 2026-06-19 -> 2026-09-11  PASSED 3992
                                     n  passed    rate
st_time_of_day st_spread_check                        
0.5            0.0              110935       0  0.0000
               1.0                 961     774  0.8054
0.8            0.0               45745       0  0.0000
               1.0                 313     252  0.8051
1.0            0.0                3965    2950  0.7440
               1.0                  18      16  0.8889

score histogram, current regime:
score
24        1
28       13
29       21
30       23
31       15
32       32
33      213
34      287
35      299
36      358
37      404
38      493
39      537
40      521
41      481
42      954
43     1244
44     1574
45     1649
46     1819
47     1963
48     4729
49     3211
50     1785
51     2006
52     7187
53     2409
54     3211
55     2895
56     3104
57    79082
58     1042
59    34383
60     2960
61       14
62      759
63        6
64      239
65       14

time_of_day value by screen-time bucket:
st_time_of_day     0.5    0.8   1.0
bucket                             
<10:15               0      0  3983
10:15-12:14          0  46058     0
>=12:15         111896      0     0
